 qstar =    5.24260571406029     
 surf =    1.91544153406426     
 volume =    3.12100825917544     
 plasma current =    430986.294031170     
 nu =   3.882788015073513E-002
 betator =   6.488732637930003E-004
 betapol =   5.142984829522070E-002
 average epsilon =   0.459314961820476     
 inverse aspect ratio =   0.352941128899729     
 total pressure * area =    785.109099173128     
 beta_LDX =   4.408933656111925E-002
 B_phi_average =    1.36602400677801     
 B_pol_average =   0.139892808133108     
 mass =   1.952791954478524E-007
 kinetic energy =    91.5161169008663     
 L_i =   1.962932701250552E-006
 small_l_i =    1.83770848447501     
                
 I_BS_Sauter =   0.000000000000000E+000
 I_BS_NCLASS =   0.000000000000000E+000
 I_BS_Sauter_phi =   0.000000000000000E+000
 I_BS_NCLASS_phi =   0.000000000000000E+000
 f_BS_Sauter =   0.000000000000000E+000
 f_BS_NCLASS =   0.000000000000000E+000
