 qstar =    3.34121539013494     
 surf =    1.98734055738320     
 volume =    3.22356149452027     
 plasma current =    697505.057740437     
 nu =   0.259442219195961     
 betator =   1.087286496305843E-002
 betapol =   0.432063853235558     
 average epsilon =   0.467856093358959     
 inverse aspect ratio =   0.000000000000000E+000
 total pressure * area =    13489.4141016890     
 beta_LDX =   0.380312650894974     
 B_phi_average =    1.36781582950760     
 B_pol_average =   0.195655072067949     
 mass =   4.676219549955434E-007
 kinetic energy =    833.861756603102     
 L_i =   1.486042124239015E-006
 small_l_i =    1.39124088067894     
                
 I_BS_Sauter =   0.000000000000000E+000
 I_BS_NCLASS =   0.000000000000000E+000
 I_BS_Sauter_phi =   0.000000000000000E+000
 I_BS_NCLASS_phi =   0.000000000000000E+000
 f_BS_Sauter =   0.000000000000000E+000
 f_BS_NCLASS =   0.000000000000000E+000
